[1173135, 1081873
1283948
1158127
1333994
1202763
1062342
1176580
1167088
1138939
1140327
1045328
1194011
954763
1296128
1163753
1006721
1120985
1146959
1086494
1218462
1132979
1185901
1164030
1225506
1212036
1184016
1158801
1181517
1134833
1203664
1178013
1219394
1181841
1020841
1323310
1292904
1135531
1201602
1087098
1115481
1168672
1179438
1094060
1094654
1140714
1125109
1056223
1192872
1332754
1789916
1201598
1129000
1261138
1239319
1212524
1176753
3073388
1085021
1075547
1162576
1119650
1199402
985040
1066883
1146543
1131884
1315978
1091326
1237126
1155268
1343789
1139327
1200767
1146224
1114784
1226773
1088505
1088680
1081526
985446
1216083
1226378
1140000
1249306
1101486
1132264
1173501
1119872
1231041
1110356
1004693
2049857
1071848
1128685
1160987
1157780
1200391
1112746
1224281
